fileName imageWidth imageHeight 
camera matrix K [3x3]
radial distortion [3x1]
tangential distortion [2x1]
camera position T [3x1]
camera rotation R [3x3]
camera model m = K [R|-Rt] X

IMG_5436.JPG 5184 3456
4772.05888016869450000000 0 2630.83511770140690000000
0 4772.05888016869450000000 1743.60133047169190000000
0 0 1
0 0 0
0 0
40.10982492098832400000 0.14791021516633635000 -46.78864283492062300000
0.18407377847911949000 0.04995063699209880600 0.98164238801128778000
-0.27580623962588874000 0.96120915397932494000 0.00280722100614856680
-0.94342342681313940000 -0.27125983147239857000 0.19071009823740070000
IMG_5438.JPG 5184 3456
4772.05888016869450000000 0 2630.83511770140690000000
0 4772.05888016869450000000 1743.60133047169190000000
0 0 1
0 0 0
0 0
40.08601818326731300000 -0.40131448069562492000 -46.76755632883397600000
0.24288456215594312000 0.05251904742954144300 0.96863245822314326000
-0.29005654126987690000 0.95678224590195970000 0.02085513829630454900
-0.92567504683494195000 -0.28602357172774306000 0.24762113012267883000
IMG_5440.JPG 5184 3456
4772.05888016869450000000 0 2630.83511770140690000000
0 4772.05888016869450000000 1743.60133047169190000000
0 0 1
0 0 0
0 0
39.88113371107282700000 -1.06907570676535050000 -46.76241383423281000000
0.22824083470503931000 0.05522713132259941100 0.97203708022843616000
-0.31958929738153202000 0.94731855022288414000 0.02121898684648635500
-0.91965689383178406000 -0.31549568676843903000 0.23386677673022596000
IMG_5442.JPG 5184 3456
4772.05888016869450000000 0 2630.83511770140690000000
0 4772.05888016869450000000 1743.60133047169190000000
0 0 1
0 0 0
0 0
39.69279676410759800000 -1.77903071109270860000 -46.76647793486566900000
0.22599869116058227000 0.05246150732747025000 0.97271392600426643000
-0.32073795929974941000 0.94687759622185808000 0.02345163613371460000
-0.91981071588557606000 -0.31728631868084956000 0.23081949423741988000
IMG_5444.JPG 5184 3456
4772.05888016869450000000 0 2630.83511770140690000000
0 4772.05888016869450000000 1743.60133047169190000000
0 0 1
0 0 0
0 0
39.58836877548058900000 -2.51207187233589920000 -46.75785598754858800000
0.23668268922676947000 0.07939296936682512000 0.96833778250954494000
-0.28722921936528673000 0.95782568989045103000 -0.00832606321675721270
-0.92815983546110870000 -0.27616427031931512000 0.24950474070808301000
IMG_5446.JPG 5184 3456
4772.05888016869450000000 0 2630.83511770140690000000
0 4772.05888016869450000000 1743.60133047169190000000
0 0 1
0 0 0
0 0
39.56383858160689500000 -3.65922817687711620000 -46.76517755141893700000
0.25555794387461955000 0.02992249047742058900 0.96633057588291460000
-0.19005559589790721000 0.98157227445808981000 0.01986807698454607500
-0.94792879890341353000 -0.18873397833670844000 0.25653552898327880000
IMG_5448.JPG 5184 3456
4772.05888016869450000000 0 2630.83511770140690000000
0 4772.05888016869450000000 1743.60133047169190000000
0 0 1
0 0 0
0 0
39.32554594222392600000 -4.11076851470308390000 -46.77060239354795400000
0.27237079835975170000 0.08742992984809609700 0.95821195753738564000
-0.24486296425866080000 0.96937451110663042000 -0.01884637766901773500
-0.93051398535182339000 -0.22949741737879853000 0.28543766128723846000
IMG_5450.JPG 5184 3456
4772.05888016869450000000 0 2630.83511770140690000000
0 4772.05888016869450000000 1743.60133047169190000000
0 0 1
0 0 0
0 0
39.00906281957699700000 -4.81636296824982860000 -46.77058905618800100000
0.24904054188558081000 0.09315123359941678000 0.96400293369690693000
-0.23649582779530440000 0.97108078589119451000 -0.03273882570211885500
-0.93917438845655821000 -0.21982937690819870000 0.26386836323326657000
IMG_5452.JPG 5184 3456
4772.05888016869450000000 0 2630.83511770140690000000
0 4772.05888016869450000000 1743.60133047169190000000
0 0 1
0 0 0
0 0
38.61302202140506500000 -5.34885038421006790000 -46.78681329335696400000
0.22553875409195792000 0.10483812418592187000 0.96857691388956024000
-0.24963033882757857000 0.96722103736729714000 -0.04656349225474721400
-0.94170959660580911000 -0.23128431116551509000 0.24431660416193071000
IMG_5454.JPG 5184 3456
4772.05888016869450000000 0 2630.83511770140690000000
0 4772.05888016869450000000 1743.60133047169190000000
0 0 1
0 0 0
0 0
38.23606319204328200000 -5.89176485308178230000 -46.79018214731973300000
0.23376000962461821000 0.08275465574668000600 0.96876618688543570000
-0.19825372140305755000 0.97949550361038162000 -0.03583322978582467000
-0.95186749069927645000 -0.18368512557987207000 0.24537329681644129000
IMG_5456.JPG 5184 3456
4772.05888016869450000000 0 2630.83511770140690000000
0 4772.05888016869450000000 1743.60133047169190000000
0 0 1
0 0 0
0 0
37.99001562940038200000 -6.28880242259155860000 -46.74652239357340000000
0.45997066942552034000 -0.00608183579371356350 0.88791328098053413000
0.03913204425760621900 0.99914381846649980000 -0.01342807254980613900
-0.88707139869373497000 0.04092238132807539400 0.45981484569985354000
IMG_5458.JPG 5184 3456
4772.05888016869450000000 0 2630.83511770140690000000
0 4772.05888016869450000000 1743.60133047169190000000
0 0 1
0 0 0
0 0
37.40224448462709000000 -6.82266058191656640000 -46.77387612890990500000
0.46727760914777666000 0.00175501880569935440 0.88410890499877293000
0.05875853258975885500 0.99772543628577004000 -0.03303617163455772900
-0.88215592206652216000 0.06738600520405815800 0.46611163412384671000
IMG_5460.JPG 5184 3456
4772.05888016869450000000 0 2630.83511770140690000000
0 4772.05888016869450000000 1743.60133047169190000000
0 0 1
0 0 0
0 0
36.94551450465024800000 -7.56186367536683600000 -46.76503538371292000000
0.51001631897229738000 -0.00725930862175555840 0.86013409234856042000
0.09936423082992121300 0.99376726739938781000 -0.05053086064111755200
-0.85440628743796465000 0.11123812603549205000 0.50755883925175227000
IMG_5462.JPG 5184 3456
4772.05888016869450000000 0 2630.83511770140690000000
0 4772.05888016869450000000 1743.60133047169190000000
0 0 1
0 0 0
0 0
38.70616502894534200000 -10.82181240259551600000 -47.02247498243733000000
0.29117804450750812000 -0.14805772189414951000 0.94514245348746151000
0.39225437060562546000 0.91956402936669690000 0.02320570265407037200
-0.87255478632437078000 0.36397926710514594000 0.32583314438533195000
IMG_5464.JPG 5184 3456
4772.05888016869450000000 0 2630.83511770140690000000
0 4772.05888016869450000000 1743.60133047169190000000
0 0 1
0 0 0
0 0
38.04718125903802000000 -11.44869386058377000000 -47.01426378224643100000
0.28776397656743469000 -0.11355517595934769000 0.95094538003133411000
0.40207080848402943000 0.91552535776765787000 -0.01234440154082228100
-0.86921283858160758000 0.38589965184908331000 0.30911243900506574000
IMG_5466.JPG 5184 3456
4772.05888016869450000000 0 2630.83511770140690000000
0 4772.05888016869450000000 1743.60133047169190000000
0 0 1
0 0 0
0 0
37.43127738420417900000 -12.01968813243100300000 -47.02885168622292200000
0.35666562108880090000 -0.20221647511720225000 0.91208449823715010000
0.49608179317102619000 0.86827452139008510000 -0.00148660318778793580
-0.79163911551764488000 0.45299873365826610000 0.40999958303204198000
IMG_5468.JPG 5184 3456
4772.05888016869450000000 0 2630.83511770140690000000
0 4772.05888016869450000000 1743.60133047169190000000
0 0 1
0 0 0
0 0
36.68601682588293800000 -12.52042814527354200000 -47.08488848205714600000
0.19302282281439054000 -0.03446502632497513300 0.98058877814973144000
0.38438391446656883000 0.92215956001868671000 -0.04325219260915776100
-0.90276862826093029000 0.38527121333751502000 0.19124564309107059000
IMG_5470.JPG 5184 3456
4772.05888016869450000000 0 2630.83511770140690000000
0 4772.05888016869450000000 1743.60133047169190000000
0 0 1
0 0 0
0 0
35.93280776466998100000 -13.12943452029854200000 -46.99429903727725800000
0.39841608731907613000 -0.18869426892007765000 0.89758514595668060000
0.39280052964607193000 0.91942880698439855000 0.01893179328566078600
-0.82883796080725203000 0.34502918972742436000 0.44043443662015497000
IMG_5472.JPG 5184 3456
4772.05888016869450000000 0 2630.83511770140690000000
0 4772.05888016869450000000 1743.60133047169190000000
0 0 1
0 0 0
0 0
34.96378579785466200000 -13.89413253794202800000 -47.02420266308092800000
0.16588214858875128000 -0.05250202489097072200 0.98474699804666954000
0.32155310576854435000 0.94688438447172296000 -0.00368274547174029950
-0.93224820351137339000 0.31725935734971500000 0.17395340532413570000
IMG_5474.JPG 5184 3456
4772.05888016869450000000 0 2630.83511770140690000000
0 4772.05888016869450000000 1743.60133047169190000000
0 0 1
0 0 0
0 0
34.43948347680322500000 -14.66234096898968200000 -46.90566584765161900000
0.42240036045106705000 -0.15218897206289164000 0.89354152241138129000
0.34982692527175419000 0.93679629321245161000 -0.00581613087204081030
-0.83618123504759367000 0.31504161916459628000 0.44894289207919341000
IMG_5476.JPG 5184 3456
4772.05888016869450000000 0 2630.83511770140690000000
0 4772.05888016869450000000 1743.60133047169190000000
0 0 1
0 0 0
0 0
33.93035562281104200000 -15.22815558444182000000 -46.96363358663388300000
0.14172581971823683000 -0.01662734883822595400 0.98976629731255539000
0.31911249711661921000 0.94724880860047800000 -0.02978101390098560800
-0.93705976661533696000 0.32006753330443710000 0.13955560868422137000
IMG_5478.JPG 5184 3456
4772.05888016869450000000 0 2630.83511770140690000000
0 4772.05888016869450000000 1743.60133047169190000000
0 0 1
0 0 0
0 0
34.07223051517554800000 -16.65265690476005400000 -46.98702665095614600000
0.53502999070774737000 -0.24763755462039119000 0.80772430357449354000
0.40534209406143001000 0.91408952914940889000 0.01175242448631260600
-0.74124266999759436000 0.32111676107149006000 0.58944323724493863000
IMG_5480.JPG 5184 3456
4772.05888016869450000000 0 2630.83511770140690000000
0 4772.05888016869450000000 1743.60133047169190000000
0 0 1
0 0 0
0 0
33.27222829732375700000 -16.82377559250347300000 -46.95447880081351900000
0.19848390346442749000 -0.09638447933796924500 0.97535335761367659000
0.36415202905642657000 0.93116723259313783000 0.01791325428068751500
-0.90994364649664505000 0.35162141158863708000 0.21992031082372321000
IMG_5482.JPG 5184 3456
4772.05888016869450000000 0 2630.83511770140690000000
0 4772.05888016869450000000 1743.60133047169190000000
0 0 1
0 0 0
0 0
32.63214423112671600000 -17.32478636211828200000 -46.94626739053596500000
0.15455038242076755000 -0.04386883003044512300 0.98701048882236020000
0.36959453859718100000 0.92904519444794564000 -0.01658022051468593600
-0.91624999663450546000 0.36735616562804363000 0.15979797008200686000
IMG_5484.JPG 5184 3456
4772.05888016869450000000 0 2630.83511770140690000000
0 4772.05888016869450000000 1743.60133047169190000000
0 0 1
0 0 0
0 0
32.04642468371325500000 -17.84079978572825800000 -46.96484577686197800000
0.14324767826083076000 -0.07202133616318280600 0.98706282971761794000
0.44856311130496224000 0.89375115213786060000 0.00011501590683424696
-0.88219682489186824000 0.44274349818999775000 0.16033389211638893000
IMG_5486.JPG 5184 3456
4772.05888016869450000000 0 2630.83511770140690000000
0 4772.05888016869450000000 1743.60133047169190000000
0 0 1
0 0 0
0 0
31.58634110757359500000 -18.64830945607034700000 -46.87838417804886100000
0.49963827988777587000 -0.23718908752875889000 0.83312839708418251000
0.40654826961337215000 0.91348471114641328000 0.01625382958341816500
-0.76490528416605763000 0.33058587274568874000 0.55284074288696727000
IMG_5488.JPG 5184 3456
4772.05888016869450000000 0 2630.83511770140690000000
0 4772.05888016869450000000 1743.60133047169190000000
0 0 1
0 0 0
0 0
31.07321253952351400000 -19.10607641331087000000 -46.95936190694669000000
0.21528088235534237000 -0.07657657533757900000 0.97354515550223619000
0.34312236541361935000 0.93928859818954669000 -0.00199290342943002610
-0.91428725466631544000 0.33447415060163388000 0.22848601386966258000
IMG_5490.JPG 5184 3456
4772.05888016869450000000 0 2630.83511770140690000000
0 4772.05888016869450000000 1743.60133047169190000000
0 0 1
0 0 0
0 0
30.61744400931198500000 -19.66839878268550700000 -46.98404016400112900000
0.16218861124497566000 -0.07168943815487668900 0.98415216244210135000
0.35380387084640841000 0.93526806769281101000 0.00982153390532000510
-0.92115019153041711000 0.34660390362947946000 0.17705382975886849000
IMG_5492.JPG 5184 3456
4772.05888016869450000000 0 2630.83511770140690000000
0 4772.05888016869450000000 1743.60133047169190000000
0 0 1
0 0 0
0 0
29.79693631234382100000 -20.45028078554832600000 -46.97911725146438000000
0.14892216859973872000 -0.04295826924731456500 0.98791536823901382000
0.44993156621842911000 0.89259169679176009000 -0.02901117954579032800
-0.88055878476100768000 0.44881471669463108000 0.15225497252482656000
IMG_5494.JPG 5184 3456
4772.05888016869450000000 0 2630.83511770140690000000
0 4772.05888016869450000000 1743.60133047169190000000
0 0 1
0 0 0
0 0
29.28957132032720900000 -21.11883015495088100000 -46.98998445579712800000
0.12663311038600236000 -0.02133706265600596500 0.99172011430200413000
0.40215323569953498000 0.91502467535369969000 -0.03166415181637741900
-0.90677275563967008000 0.40283318290710612000 0.12445318950741753000
IMG_5496.JPG 5184 3456
4772.05888016869450000000 0 2630.83511770140690000000
0 4772.05888016869450000000 1743.60133047169190000000
0 0 1
0 0 0
0 0
28.83521523564144200000 -21.83437474494029500000 -46.96897908807486700000
0.19344459803703146000 -0.07908592844464627800 0.97791850550663961000
0.44233460517692724000 0.89672498910639264000 -0.01497968541431378100
-0.87573927886858138000 0.43546493525218333000 0.20844904800106087000
IMG_5498.JPG 5184 3456
4772.05888016869450000000 0 2630.83511770140690000000
0 4772.05888016869450000000 1743.60133047169190000000
0 0 1
0 0 0
0 0
28.08655302244923000000 -22.65754788747636500000 -47.00110137996701100000
0.15378539354794890000 -0.03437641238752886500 0.98750610884321366000
0.45146099763947145000 0.89142608215704244000 -0.03927477129811236100
-0.87893857597768210000 0.45186037923401567000 0.15260792029516668000
IMG_5500.JPG 5184 3456
4772.05888016869450000000 0 2630.83511770140690000000
0 4772.05888016869450000000 1743.60133047169190000000
0 0 1
0 0 0
0 0
27.54564539671915600000 -23.46556444464119600000 -46.99997854154307900000
0.21058983866204603000 -0.07366564261442394600 0.97479500047471390000
0.46165095201621342000 0.88645716451600520000 -0.03274284625331397300
-0.86170198929491715000 0.45691035069961844000 0.22068668530007524000
IMG_5502.JPG 5184 3456
4772.05888016869450000000 0 2630.83511770140690000000
0 4772.05888016869450000000 1743.60133047169190000000
0 0 1
0 0 0
0 0
27.07935761050804400000 -24.33252160377939800000 -47.01846624239213700000
0.20627552808782418000 0.01169383025908108000 0.97842407004629695000
0.36787741210786007000 0.92564173483214618000 -0.08862047391973558500
-0.90670646637868035000 0.37822034988985809000 0.18663534165929130000
IMG_5504.JPG 5184 3456
4772.05888016869450000000 0 2630.83511770140690000000
0 4772.05888016869450000000 1743.60133047169190000000
0 0 1
0 0 0
0 0
26.38844189819920400000 -25.01789444302116600000 -47.03008743065285600000
0.18495363225873282000 0.00059142593788307786 0.98274707027274388000
0.28314158528280131000 0.95756438140753630000 -0.05386369967932467400
-0.94107544681488930000 0.28821885031163796000 0.17693755318528084000
IMG_5506.JPG 5184 3456
4772.05888016869450000000 0 2630.83511770140690000000
0 4772.05888016869450000000 1743.60133047169190000000
0 0 1
0 0 0
0 0
25.92316586662950700000 -25.43750026845574700000 -47.02378624913460200000
0.12204668969924337000 0.06217910216284381500 0.99057476486516616000
0.29712280621377285000 0.94997692727895378000 -0.09623863914920091600
-0.94700720354235390000 0.30606796123060637000 0.09746670994257812500
IMG_5508.JPG 5184 3456
4772.05888016869450000000 0 2630.83511770140690000000
0 4772.05888016869450000000 1743.60133047169190000000
0 0 1
0 0 0
0 0
25.28877644933405800000 -26.32203797136060800000 -46.91992368272229200000
0.54644408705655267000 -0.20302603287854354000 0.81251417814985316000
0.32602614131703661000 0.94520934067353846000 0.01691914541040557800
-0.77143101758929444000 0.25565549530001375000 0.58269584932797513000
IMG_5510.JPG 5184 3456
4772.05888016869450000000 0 2630.83511770140690000000
0 4772.05888016869450000000 1743.60133047169190000000
0 0 1
0 0 0
0 0
24.69769828815590500000 -26.85697267701097600000 -46.93300762238527600000
0.53221118676767976000 -0.23010771380181097000 0.81474026089806184000
0.42316916268073651000 0.90581658482807348000 -0.02059549481052021900
-0.73326605842315018000 0.35573410674169215000 0.57946020818108646000
IMG_5512.JPG 5184 3456
4772.05888016869450000000 0 2630.83511770140690000000
0 4772.05888016869450000000 1743.60133047169190000000
0 0 1
0 0 0
0 0
23.90590748170135900000 -27.82556933023135000000 -46.96224659661400100000
0.52725824745806293000 -0.29150080710897508000 0.79813909811653017000
0.52057917423514366000 0.85320267342578393000 -0.03228810015704009600
-0.67156240502287490000 0.43251875972483694000 0.60160739577068101000
IMG_5514.JPG 5184 3456
4772.05888016869450000000 0 2630.83511770140690000000
0 4772.05888016869450000000 1743.60133047169190000000
0 0 1
0 0 0
0 0
25.44657400782411500000 -31.08077365555389800000 -46.99940877506488600000
0.31289025680655091000 -0.37821941554902549000 0.87123461874358743000
0.70018142046375687000 0.71164737249826338000 0.05748039364577981600
-0.64175202814863497000 0.59203723777991513000 0.48748973676277746000
IMG_5516.JPG 5184 3456
4772.05888016869450000000 0 2630.83511770140690000000
0 4772.05888016869450000000 1743.60133047169190000000
0 0 1
0 0 0
0 0
25.31231389825676800000 -31.82420130575339500000 -47.01648005790237800000
0.20907852180043413000 -0.43554604832263494000 0.87554886300667556000
0.78809678544638362000 0.60512290029233151000 0.11282611537615565000
-0.57895563602993105000 0.66642772701346520000 0.46977064209765601000
IMG_5518.JPG 5184 3456
4772.05888016869450000000 0 2630.83511770140690000000
0 4772.05888016869450000000 1743.60133047169190000000
0 0 1
0 0 0
0 0
24.95783654263925300000 -32.46576891347429900000 -47.03514840047992600000
0.24886878407199006000 -0.38690703127735870000 0.88790048849106407000
0.80671201365630818000 0.59012905416074046000 0.03103911174524936700
-0.53598512604093174000 0.70855532499833118000 0.45898725045407934000
IMG_5520.JPG 5184 3456
4772.05888016869450000000 0 2630.83511770140690000000
0 4772.05888016869450000000 1743.60133047169190000000
0 0 1
0 0 0
0 0
24.81607840998534400000 -33.24080189523771600000 -47.04649753246438600000
0.23083247703355608000 -0.43065906649105062000 0.87249592319712854000
0.81705704765770926000 0.57270667272420961000 0.06651953013989907200
-0.52833147589313723000 0.69752407518753201000 0.48407232529277838000
IMG_5522.JPG 5184 3456
4772.05888016869450000000 0 2630.83511770140690000000
0 4772.05888016869450000000 1743.60133047169190000000
0 0 1
0 0 0
0 0
24.59265646501155400000 -34.10143702664255700000 -47.05326822149741900000
0.21328375629397953000 -0.42537559495329041000 0.87952580548797121000
0.85973251704025855000 0.50933982590023641000 0.03785420578401625000
-0.46407977594886862000 0.74808324735289411000 0.47434314223481383000
IMG_5524.JPG 5184 3456
4772.05888016869450000000 0 2630.83511770140690000000
0 4772.05888016869450000000 1743.60133047169190000000
0 0 1
0 0 0
0 0
24.22318665615537000000 -34.86676124684398600000 -47.03401151598567500000
0.22635549756041046000 -0.42572403433756473000 0.87608346366743339000
0.89139101845790414000 0.45312209197872394000 -0.01012037417319200700
-0.39266428528293679000 0.78322373326411210000 0.48205325713562763000
IMG_5526.JPG 5184 3456
4772.05888016869450000000 0 2630.83511770140690000000
0 4772.05888016869450000000 1743.60133047169190000000
0 0 1
0 0 0
0 0
24.12033526185602000000 -35.59251893398853600000 -47.02578820258509000000
0.18673614270937922000 -0.41564603435915515000 0.89015054183409359000
0.91952922727179354000 0.39290836291933540000 -0.00943496375118384190
-0.34582598687629118000 0.82028128862577132000 0.45556886892267284000
IMG_5528.JPG 5184 3456
4772.05888016869450000000 0 2630.83511770140690000000
0 4772.05888016869450000000 1743.60133047169190000000
0 0 1
0 0 0
0 0
23.48334846955535200000 -36.60703352471235700000 -47.07711998792249400000
0.16326635840048379000 -0.26741302255262650000 0.94964960463526404000
0.90012428139903111000 0.43442504769620971000 -0.03242153559015598100
-0.40388163396040005000 0.86009601400274749000 0.31163195029724250000
IMG_5530.JPG 5184 3456
4772.05888016869450000000 0 2630.83511770140690000000
0 4772.05888016869450000000 1743.60133047169190000000
0 0 1
0 0 0
0 0
21.73355303497449100000 -38.71208890080405500000 -47.03369926512680600000
0.05252846486765443800 -0.47402890844299594000 0.87894104144646090000
0.96903147630576503000 0.23685829156652238000 0.06982941819074377200
-0.24128563634687639000 0.84805350283842940000 0.47179073540729144000
IMG_5532.JPG 5184 3456
4772.05888016869450000000 0 2630.83511770140690000000
0 4772.05888016869450000000 1743.60133047169190000000
0 0 1
0 0 0
0 0
21.29010834066577500000 -39.28479118552336000000 -47.04351332015701100000
0.09462173629057321600 -0.44462204003692712000 0.89070644352376749000
0.96522866628304160000 0.25998384301846111000 0.02724010196040002600
-0.24368083389306192000 0.85715788678793214000 0.45376206133879088000
IMG_5534.JPG 5184 3456
4772.05888016869450000000 0 2630.83511770140690000000
0 4772.05888016869450000000 1743.60133047169190000000
0 0 1
0 0 0
0 0
19.90385723611958800000 -39.85655412453427700000 -47.10765546833577800000
0.00524071751994179340 -0.33599294881434111000 0.94184992075538221000
0.98568054761947188000 0.16048127091593412000 0.05176504351185830900
-0.16854196190994750000 0.92809185969506824000 0.33202275079171256000
IMG_5536.JPG 5184 3456
4772.05888016869450000000 0 2630.83511770140690000000
0 4772.05888016869450000000 1743.60133047169190000000
0 0 1
0 0 0
0 0
19.34246696471346600000 -40.19949229615704700000 -47.14548847801634000000
0.07175688799231687300 -0.27414438236542205000 0.95900771980372468000
0.96533277284730479000 0.26101141330677363000 0.00238323111232349080
-0.25096530973939851000 0.92559056809211382000 0.28336992353869506000
IMG_5538.JPG 5184 3456
4772.05888016869450000000 0 2630.83511770140690000000
0 4772.05888016869450000000 1743.60133047169190000000
0 0 1
0 0 0
0 0
18.48561969397064800000 -40.63082101518404700000 -47.13111598435257600000
0.01830920137762013700 -0.41654930006729762000 0.90892873964814103000
0.99388588519812271000 0.10658314230898394000 0.02882500614894859000
-0.10888351734242330000 0.90284368214491439000 0.41595392204203929000
IMG_5540.JPG 5184 3456
4772.05888016869450000000 0 2630.83511770140690000000
0 4772.05888016869450000000 1743.60133047169190000000
0 0 1
0 0 0
0 0
17.83837640958421700000 -41.28541386286414600000 -47.13470309204831200000
0.01473850216158771900 -0.39709924494097387000 0.91765732505186337000
0.99867076746082650000 0.05118003515267813300 0.00610755441845176140
-0.04939103940227006200 0.91634752887159521000 0.39732572476204503000
IMG_5542.JPG 5184 3456
4772.05888016869450000000 0 2630.83511770140690000000
0 4772.05888016869450000000 1743.60133047169190000000
0 0 1
0 0 0
0 0
16.84254740867087500000 -41.64202841400243200000 -47.19036411867177300000
0.04295935411139238700 -0.17504280460634530000 0.98362315469384753000
0.99876728529970005000 -0.01698135241574430500 -0.04664272167444481100
0.02486772425051042600 0.98441436916863267000 0.17409751883620703000
IMG_5544.JPG 5184 3456
4772.05888016869450000000 0 2630.83511770140690000000
0 4772.05888016869450000000 1743.60133047169190000000
0 0 1
0 0 0
0 0
15.55294439997520500000 -41.96402264412039100000 -47.12392528098688200000
-0.04048256896333773900 -0.38132146466239419000 0.92355568440557767000
0.99864325991728908000 -0.04574070208306267600 0.02488830236713723800
0.03275364150591726600 0.92331020180688728000 0.38265581167339779000
IMG_5546.JPG 5184 3456
4772.05888016869450000000 0 2630.83511770140690000000
0 4772.05888016869450000000 1743.60133047169190000000
0 0 1
0 0 0
0 0
14.69946314136932800000 -41.95269963990282500000 -47.10425786506198200000
-0.06878003078793351600 -0.43565454425456762000 0.89748227026229099000
0.99665276258858337000 -0.06985242039374912900 0.04247246389933070200
0.04418798693486643300 0.89739944140582140000 0.43900075669087879000
IMG_5548.JPG 5184 3456
4772.05888016869450000000 0 2630.83511770140690000000
0 4772.05888016869450000000 1743.60133047169190000000
0 0 1
0 0 0
0 0
14.08305891915859800000 -42.13500300030569400000 -47.16510670402043100000
-0.01550121044092890600 -0.22491727913042756000 0.97425455093801405000
0.98708310318890058000 -0.15883171059017440000 -0.02096270760110274800
0.15945739203259374000 0.96134525809386728000 0.22447412961541757000
IMG_5550.JPG 5184 3456
4772.05888016869450000000 0 2630.83511770140690000000
0 4772.05888016869450000000 1743.60133047169190000000
0 0 1
0 0 0
0 0
11.43774767973259500000 -42.30595182052160700000 -47.13550826762760700000
-0.13147144983984377000 -0.27170454545320455000 0.95335822116194968000
0.95312537233987382000 -0.29902494617905884000 0.04621802856665040800
0.27252024232887029000 0.91474626074266008000 0.29828173926396390000
IMG_5552.JPG 5184 3456
4772.05888016869450000000 0 2630.83511770140690000000
0 4772.05888016869450000000 1743.60133047169190000000
0 0 1
0 0 0
0 0
10.78964758229261800000 -41.48096119321596100000 -47.10818708272440600000
-0.04152404859283655900 -0.38802145195907489000 0.92071445421913034000
0.99905483694688380000 -0.02797869634159663700 0.03326597847741927200
0.01285247686226835600 0.92122556704131697000 0.38881649716531935000
IMG_5554.JPG 5184 3456
4772.05888016869450000000 0 2630.83511770140690000000
0 4772.05888016869450000000 1743.60133047169190000000
0 0 1
0 0 0
0 0
10.45378909551792300000 -40.98762824264434800000 -47.09271390334074400000
-0.04482620721138574200 -0.48309232737281321000 0.87442118820426606000
0.99893379541907623000 -0.01200253984616399300 0.04457814943310526400
-0.01104008680586011900 0.87548714569133446000 0.48311528045856628000
IMG_5556.JPG 5184 3456
4772.05888016869450000000 0 2630.83511770140690000000
0 4772.05888016869450000000 1743.60133047169190000000
0 0 1
0 0 0
0 0
9.38993355286866920000 -40.21147113185506300000 -47.17795073190502100000
-0.06368914158839110400 -0.26446661753887729000 0.96228951020536391000
0.94817419785984036000 -0.31681917422146699000 -0.02431668888800766700
0.31130272044519991000 0.91086937540636026000 0.27093836419053835000
IMG_5558.JPG 5184 3456
4772.05888016869450000000 0 2630.83511770140690000000
0 4772.05888016869450000000 1743.60133047169190000000
0 0 1
0 0 0
0 0
8.77327166801700110000 -39.52471273823810800000 -47.13207074012856900000
-0.09635346404573165400 -0.43164091260097842000 0.89688468184900028000
0.98412265677635280000 -0.17625490234621632000 0.02089989996097286300
0.14905907012268935000 0.88465831368270109000 0.44177037207834452000
IMG_5560.JPG 5184 3456
4772.05888016869450000000 0 2630.83511770140690000000
0 4772.05888016869450000000 1743.60133047169190000000
0 0 1
0 0 0
0 0
7.99635033118011580000 -38.67080411209425300000 -47.19185845003684700000
-0.07588151636897179400 -0.22483413223604162000 0.97143790766842719000
0.94735745933300086000 -0.32017781567983444000 -0.00010292041433938788
0.31105600736791306000 0.92029113835142196000 0.23729387044796732000
IMG_5562.JPG 5184 3456
4772.05888016869450000000 0 2630.83511770140690000000
0 4772.05888016869450000000 1743.60133047169190000000
0 0 1
0 0 0
0 0
7.13930574490759630000 -38.35843586314735600000 -47.13810630011750600000
-0.17612331020097974000 -0.42346660633659056000 0.88862625041218568000
0.93155785520527601000 -0.36341275588748922000 0.01145125598377863900
0.31808889010651620000 0.82982359702290409000 0.45848910108613650000
IMG_5564.JPG 5184 3456
4772.05888016869450000000 0 2630.83511770140690000000
0 4772.05888016869450000000 1743.60133047169190000000
0 0 1
0 0 0
0 0
6.14702995303296350000 -38.10542008681996900000 -47.13396823507333300000
-0.20304516110600479000 -0.44022832596280942000 0.87462659665220499000
0.90660007448013846000 -0.42198646063952910000 -0.00193183579283160180
0.36993103073957428000 0.79254428775741326000 0.48479334199125568000
IMG_5566.JPG 5184 3456
4772.05888016869450000000 0 2630.83511770140690000000
0 4772.05888016869450000000 1743.60133047169190000000
0 0 1
0 0 0
0 0
5.46551197232694990000 -37.42695131307161900000 -47.16865920394838000000
-0.13454981958526063000 -0.34133608814976507000 0.93026126490152738000
0.91547785831838335000 -0.40208405012064219000 -0.01512308061761984300
0.37920527024074968000 0.84959878269992650000 0.36658596734796511000
IMG_5568.JPG 5184 3456
4772.05888016869450000000 0 2630.83511770140690000000
0 4772.05888016869450000000 1743.60133047169190000000
0 0 1
0 0 0
0 0
4.56471281107796580000 -36.96880993128745300000 -47.11284363257360000000
-0.20702668225032958000 -0.49863639525068609000 0.84172542920350368000
0.92174993679610717000 -0.38777314586415179000 -0.00300688592925730650
0.32789786039679092000 0.77523785555016633000 0.53989745366058717000
IMG_5570.JPG 5184 3456
4772.05888016869450000000 0 2630.83511770140690000000
0 4772.05888016869450000000 1743.60133047169190000000
0 0 1
0 0 0
0 0
3.64826361699033090000 -36.41502555569256600000 -47.12124903980704700000
-0.25046203567794101000 -0.49198984283210223000 0.83379539650570456000
0.90567826439638965000 -0.42338227411401480000 0.02223356395156742000
0.34207550348425270000 0.76071903125667140000 0.55162569320138310000
IMG_5572.JPG 5184 3456
4772.05888016869450000000 0 2630.83511770140690000000
0 4772.05888016869450000000 1743.60133047169190000000
0 0 1
0 0 0
0 0
2.62243627089950500000 -35.83289299198725100000 -47.13324647505047000000
-0.22831310392073373000 -0.45797012337893994000 0.85914870230383211000
0.88954612616013329000 -0.45679016917214327000 -0.00710146331293769540
0.39570293909899196000 0.76263104279852334000 0.51167673051298335000
IMG_5574.JPG 5184 3456
4772.05888016869450000000 0 2630.83511770140690000000
0 4772.05888016869450000000 1743.60133047169190000000
0 0 1
0 0 0
0 0
1.88702042771810200000 -35.17816495078760400000 -47.13262820261847700000
-0.24366751559730962000 -0.45543042258247551000 0.85627639931799049000
0.87616200530096144000 -0.48196564610800735000 -0.00701829314640702290
0.41589215225780923000 0.74852671706361884000 0.51647020391531639000
IMG_5576.JPG 5184 3456
4772.05888016869450000000 0 2630.83511770140690000000
0 4772.05888016869450000000 1743.60133047169190000000
0 0 1
0 0 0
0 0
1.23174549325616840000 -34.61421865748831600000 -47.12772536680288500000
-0.25073640704400324000 -0.46780871114992484000 0.84751770716304808000
0.87999737995767879000 -0.47497501639889150000 -0.00182895174714824440
0.40340533641770854000 0.74535477698148478000 0.53076396918083701000
IMG_5578.JPG 5184 3456
4772.05888016869450000000 0 2630.83511770140690000000
0 4772.05888016869450000000 1743.60133047169190000000
0 0 1
0 0 0
0 0
0.30115670631914465000 -34.02260397415209800000 -47.18449791965333200000
-0.12788169345673839000 -0.26604107311442965000 0.95544147905288235000
0.83155693414314824000 -0.55378041337853268000 -0.04289893980915333200
0.54051765721120038000 0.78901799800411665000 0.29204667618120761000
IMG_5580.JPG 5184 3456
4772.05888016869450000000 0 2630.83511770140690000000
0 4772.05888016869450000000 1743.60133047169190000000
0 0 1
0 0 0
0 0
-0.36491472615001319000 -33.78274085574373200000 -47.21325462099963500000
-0.08656505136262292200 -0.21652063012791098000 0.97243267561903679000
0.84559412408026924000 -0.53207571843374479000 -0.04319730517215906300
0.52676092224415116000 0.81854397962615710000 0.22914773447334044000
IMG_5582.JPG 5184 3456
4772.05888016869450000000 0 2630.83511770140690000000
0 4772.05888016869450000000 1743.60133047169190000000
0 0 1
0 0 0
0 0
-0.99247717703797755000 -33.34872042658823700000 -47.14484180743282600000
-0.22804366693436537000 -0.40320412703410202000 0.88624066591067463000
0.88996503182628284000 -0.45550915607045345000 0.02176352137009817900
0.39491559616906963000 0.79368623566158114000 0.46271355202087749000
IMG_5584.JPG 5184 3456
4772.05888016869450000000 0 2630.83511770140690000000
0 4772.05888016869450000000 1743.60133047169190000000
0 0 1
0 0 0
0 0
-1.14494807842979580000 -30.23117701260039400000 -47.10637023204448300000
-0.38511994218348672000 -0.50691183532229067000 0.77118287153098430000
0.80614588239635421000 -0.59155730915522986000 0.01373922415666731100
0.44923428901631185000 0.62697714567216123000 0.63646540548312458000
IMG_5586.JPG 5184 3456
4772.05888016869450000000 0 2630.83511770140690000000
0 4772.05888016869450000000 1743.60133047169190000000
0 0 1
0 0 0
0 0
-2.18472310899725120000 -29.61169266186998800000 -47.20397188373156900000
-0.08331504219504784500 -0.22517479596668341000 0.97074966649770211000
0.80990722450410857000 -0.58286787133711060000 -0.06569118859479515500
0.58061079170136765000 0.78074410393182470000 0.23093235532424458000
IMG_5588.JPG 5184 3456
4772.05888016869450000000 0 2630.83511770140690000000
0 4772.05888016869450000000 1743.60133047169190000000
0 0 1
0 0 0
0 0
-3.32801544836639130000 -29.18736229341833500000 -47.13388438576599500000
-0.38912120785544346000 -0.41660647054596966000 0.82159828036355509000
0.79158869984348190000 -0.60737817107706804000 0.06692598582898819100
0.47113906214325579000 0.67641023498931929000 0.56612470192040476000
IMG_5590.JPG 5184 3456
4772.05888016869450000000 0 2630.83511770140690000000
0 4772.05888016869450000000 1743.60133047169190000000
0 0 1
0 0 0
0 0
-4.50160766638333330000 -28.73889310630124400000 -47.20754696796804200000
-0.14269502315604368000 -0.24332272616961789000 0.95939156828475480000
0.84416046991029192000 -0.53599001950789227000 -0.01038267926714220300
0.51675064722487885000 0.80839888045278385000 0.28188653510828493000
IMG_5592.JPG 5184 3456
4772.05888016869450000000 0 2630.83511770140690000000
0 4772.05888016869450000000 1743.60133047169190000000
0 0 1
0 0 0
0 0
-5.34658427083908630000 -28.52088727550994600000 -47.16368577337175300000
-0.28779656473093485000 -0.40635508958238875000 0.86720740223983417000
0.82265609154773400000 -0.56850072724612466000 0.00662405918102911520
0.49031631868466208000 0.71531983356476014000 0.49790304612485009000
IMG_5594.JPG 5184 3456
4772.05888016869450000000 0 2630.83511770140690000000
0 4772.05888016869450000000 1743.60133047169190000000
0 0 1
0 0 0
0 0
-8.57427667537048950000 -29.43684528925106400000 -47.24836793683029200000
-0.23198661708457274000 -0.27427740401856077000 0.93324922455820714000
0.82466993322090065000 -0.56425677202412561000 0.03916371364349054100
0.51585047323336941000 0.77870803313549630000 0.35708834816492635000
IMG_5596.JPG 5184 3456
4772.05888016869450000000 0 2630.83511770140690000000
0 4772.05888016869450000000 1743.60133047169190000000
0 0 1
0 0 0
0 0
-9.85168909165466820000 -28.40564364275486800000 -47.32339459719520400000
-0.15168722737398452000 -0.20980287740326001000 0.96590565672062700000
0.84615366310648688000 -0.53266193718073385000 0.01718252281656472100
0.51089623551467567000 0.81991097889477027000 0.25832348562365065000
IMG_5598.JPG 5184 3456
4772.05888016869450000000 0 2630.83511770140690000000
0 4772.05888016869450000000 1743.60133047169190000000
0 0 1
0 0 0
0 0
-11.49475964984147700000 -27.42252953572197400000 -47.31379807755898500000
0.26862296948295772000 -0.96223463426163369000 -0.04411585761988629000
0.35487718183284184000 0.14143943611432769000 -0.92415208257409731000
0.89549086320327032000 0.23259276544862942000 0.37946899659974964000
IMG_5600.JPG 5184 3456
4772.05888016869450000000 0 2630.83511770140690000000
0 4772.05888016869450000000 1743.60133047169190000000
0 0 1
0 0 0
0 0
-12.68851931720433700000 -26.55726147063856500000 -47.32515821044150800000
-0.20459949315940262000 -0.23464716870288688000 0.95030508449583417000
0.76523476957078695000 -0.64372511744118488000 0.00580694543432390060
0.61037266881705965000 0.72839459044878385000 0.31126600483523459000
IMG_5602.JPG 5184 3456
4772.05888016869450000000 0 2630.83511770140690000000
0 4772.05888016869450000000 1743.60133047169190000000
0 0 1
0 0 0
0 0
-14.65914958133609100000 -25.35655138905844900000 -47.35974143288389400000
-0.21726012764924274000 -0.15971453140338310000 0.96295862081007022000
0.64566783605362754000 -0.76338045885050965000 0.01906096878469401200
0.73205948011050348000 0.62589259741890457000 0.26897467181234075000
IMG_5604.JPG 5184 3456
4772.05888016869450000000 0 2630.83511770140690000000
0 4772.05888016869450000000 1743.60133047169190000000
0 0 1
0 0 0
0 0
-16.18674413900851100000 -24.10174668978018900000 -47.36923671875706500000
-0.25336727653011160000 -0.13600318145149204000 0.95776205699473527000
0.54402451640176774000 -0.83870214199280457000 0.02482020488441123000
0.79990146189236122000 0.52733466759900582000 0.28648874255493773000
IMG_5606.JPG 5184 3456
4772.05888016869450000000 0 2630.83511770140690000000
0 4772.05888016869450000000 1743.60133047169190000000
0 0 1
0 0 0
0 0
-17.72192195302202200000 -22.77147569371261300000 -47.37621209262916700000
-0.25301350022380531000 -0.13216296970084684000 0.95839298732010325000
0.44514075384010005000 -0.89544074045521815000 -0.00596570227869392710
0.85897257114250503000 0.42511037363591075000 0.28538971994795198000
IMG_5608.JPG 5184 3456
4772.05888016869450000000 0 2630.83511770140690000000
0 4772.05888016869450000000 1743.60133047169190000000
0 0 1
0 0 0
0 0
-18.16724342403120600000 -21.64924582587785200000 -47.34751908963111300000
-0.25473898826908947000 -0.12524892424389328000 0.95886430470186357000
0.42804743588366118000 -0.90374589082094170000 -0.00433098807267769900
0.86711212682620453000 0.40933613546816294000 0.28383179474985915000
IMG_5610.JPG 5184 3456
4772.05888016869450000000 0 2630.83511770140690000000
0 4772.05888016869450000000 1743.60133047169190000000
0 0 1
0 0 0
0 0
-17.42708813628416200000 -19.55708056582800600000 -47.29574606869724100000
-0.24293758234034948000 -0.16046790057158544000 0.95667726218028915000
0.41389121013727992000 -0.90909234978106968000 -0.04738317993371798200
0.87731145966396895000 0.38444915457792456000 0.28726895113568263000
IMG_5612.JPG 5184 3456
4772.05888016869450000000 0 2630.83511770140690000000
0 4772.05888016869450000000 1743.60133047169190000000
0 0 1
0 0 0
0 0
-16.63910481151503300000 -18.35586446514592000000 -47.30051907285111000000
-0.25229321805090793000 -0.09823791761979322500 0.96265125755241376000
0.24479472969065180000 -0.96895290344036733000 -0.03472479273030766600
0.93617502233353644000 0.22689112467482903000 0.26850837063785071000
IMG_5614.JPG 5184 3456
4772.05888016869450000000 0 2630.83511770140690000000
0 4772.05888016869450000000 1743.60133047169190000000
0 0 1
0 0 0
0 0
-15.62852212212129300000 -17.42459471008413600000 -47.31999049784946700000
-0.21456285122750932000 -0.09723485268722602300 0.97185809987673366000
0.38702229964961127000 -0.92204523745838673000 -0.00680585440880252230
0.89675889872755010000 0.37467047322040309000 0.23546871140291872000
IMG_5616.JPG 5184 3456
4772.05888016869450000000 0 2630.83511770140690000000
0 4772.05888016869450000000 1743.60133047169190000000
0 0 1
0 0 0
0 0
-15.09010562645299600000 -15.49746428426700000000 -47.37816431113352400000
-0.18023639244084352000 -0.01811834493368916900 0.98345643951156991000
0.26640095247109408000 -0.96336124802149581000 0.03107472176802228400
0.94686080041493126000 0.26759452794728444000 0.17845950030823771000
IMG_5618.JPG 5184 3456
4772.05888016869450000000 0 2630.83511770140690000000
0 4772.05888016869450000000 1743.60133047169190000000
0 0 1
0 0 0
0 0
-14.30858223614631300000 -14.31177424401818000000 -47.36112975782523200000
-0.21069466525163183000 0.01676883607465212000 0.97740808476869279000
0.30538678252674822000 -0.94868193761820163000 0.08210660323588477000
0.92862622787236804000 0.31578693350687564000 0.19476124238118001000
IMG_5620.JPG 5184 3456
4772.05888016869450000000 0 2630.83511770140690000000
0 4772.05888016869450000000 1743.60133047169190000000
0 0 1
0 0 0
0 0
