DSC05899.JPG 6000 4000
4066.86082298802420000000 0 2978.91370054375190000000
0 4066.86082298802420000000 2030.83585703851690000000
0 0 1
0 0 0
0 0
-13.72926608195251300000 -21.52850974774013800000 -43.16875026533664100000
0.54887912735377964000 -0.83590134410970840000 0.00080403416361881014
-0.06397429339266529100 -0.04296655063283245200 -0.99702616079600714000
0.83345005449652632000 0.54719541156912044000 -0.07705964065214883400
DSC05900.JPG 6000 4000
4066.86082298802420000000 0 2978.91370054375190000000
0 4066.86082298802420000000 2030.83585703851690000000
0 0 1
0 0 0
0 0
-13.77047423440604800000 -21.45604782566481500000 -42.91538909622087800000
0.54922981825051653000 -0.83566279508049857000 0.00378148948871311450
-0.06215509259999699900 -0.04536244546272740600 -0.99703510119028760000
0.83335667706474303000 0.54736636858679011000 -0.07685510608749344900
DSC05901.JPG 6000 4000
4066.86082298802420000000 0 2978.91370054375190000000
0 4066.86082298802420000000 2030.83585703851690000000
0 0 1
0 0 0
0 0
-13.97337181861749800000 -21.43595205925775500000 -42.58167113115913300000
0.54939815879921827000 -0.83552850153799851000 0.00733390930512215630
-0.05968553864549575000 -0.04799775439396805600 -0.99706261190044299000
0.83342624123831499000 0.54734663485838952000 -0.07623884655850250700
DSC05902.JPG 6000 4000
4066.86082298802420000000 0 2978.91370054375190000000
0 4066.86082298802420000000 2030.83585703851690000000
0 0 1
0 0 0
0 0
-14.03887034255654400000 -21.50445006971463300000 -42.12450544031687400000
0.55625053006087999000 -0.83095316494575033000 0.01010868308092407700
-0.13781444467858625000 -0.10423690250915185000 -0.98495778944746171000
0.81950749029214054000 0.54649016992251387000 -0.17249918125353225000
DSC05903.JPG 6000 4000
4066.86082298802420000000 0 2978.91370054375190000000
0 4066.86082298802420000000 2030.83585703851690000000
0 0 1
0 0 0
0 0
-13.94174653988123000000 -21.60047213347100100000 -41.83620906753278500000
0.55770500439087267000 -0.82996693293021817000 0.01095528729807475300
-0.13639419502114367000 -0.10465465264972229000 -0.98511117506771795000
0.81875622235309509000 0.54790719462439319000 -0.17156909522672328000
DSC05904.JPG 6000 4000
4066.86082298802420000000 0 2978.91370054375190000000
0 4066.86082298802420000000 2030.83585703851690000000
0 0 1
0 0 0
0 0
-13.40448675769152900000 -21.79256196060853100000 -40.46559899274609500000
0.56266542853631862000 -0.82664011886821587000 0.00858658299807807910
-0.17543850731723781000 -0.12955223973105548000 -0.97592906880109198000
0.80785453249971961000 0.54761513041387844000 -0.21791907502889804000
DSC05905.JPG 6000 4000
4066.86082298802420000000 0 2978.91370054375190000000
0 4066.86082298802420000000 2030.83585703851690000000
0 0 1
0 0 0
0 0
-13.29999702638521300000 -21.82859154499176000000 -40.14723799619478900000
0.56436085586735985000 -0.82549243980323939000 0.00768480268819837950
-0.17548292138788774000 -0.12905745867980792000 -0.97598663754186832000
0.80666137174519126000 0.54946010245222088000 -0.21769480275689029000
DSC05906.JPG 6000 4000
4066.86082298802420000000 0 2978.91370054375190000000
0 4066.86082298802420000000 2030.83585703851690000000
0 0 1
0 0 0
0 0
-13.19050223899408900000 -21.83755031205647500000 -39.83896610012223500000
0.56575305842254009000 -0.82454638050209783000 0.00683690620322422850
-0.17598700655709629000 -0.12884355745867812000 -0.97592413189984439000
0.80557560191990329000 0.55092885575388229000 -0.21800308596234014000
DSC05907.JPG 6000 4000
4066.86082298802420000000 0 2978.91370054375190000000
0 4066.86082298802420000000 2030.83585703851690000000
0 0 1
0 0 0
0 0
-13.08363051250955100000 -21.81763805073353900000 -39.55350823231060500000
0.56728984336536248000 -0.82349349184515985000 0.00637985134372929220
-0.19285328270724969000 -0.14037682456451964000 -0.97113436684849108000
0.80061841407972878000 0.54968428758137855000 -0.23844777000972817000
DSC05908.JPG 6000 4000
4066.86082298802420000000 0 2978.91370054375190000000
0 4066.86082298802420000000 2030.83585703851690000000
0 0 1
0 0 0
0 0
-12.86623026511530400000 -21.80004836186736500000 -39.03509764883250500000
0.56854528139062921000 -0.82263344024984419000 0.00552141206181590290
-0.23713574174789451000 -0.17031067753409068000 -0.95643134259786522000
0.78773276115325197000 0.54246520266334597000 -0.29190512312271738000
DSC05909.JPG 6000 4000
4066.86082298802420000000 0 2978.91370054375190000000
0 4066.86082298802420000000 2030.83585703851690000000
0 0 1
0 0 0
0 0
-12.82449613208121000000 -21.81285525306906700000 -38.42892596680140100000
0.57137360247034552000 -0.82066910502719415000 0.00586740606432565450
-0.33413316988350994000 -0.23915128838887190000 -0.91168069303103061000
0.74959137614013216000 0.51894978689253435000 -0.41085750267037380000
DSC05910.JPG 6000 4000
4066.86082298802420000000 0 2978.91370054375190000000
0 4066.86082298802420000000 2030.83585703851690000000
0 0 1
0 0 0
0 0
-12.98406601324815100000 -21.95393256350388000000 -37.81509445140302000000
0.57010816874054615000 -0.82156367691366317000 0.00313060879112013120
-0.25230332746527329000 -0.17870484291629726000 -0.95100347531868290000
0.78186936689273867000 0.54138498676483782000 -0.30916434014999916000
DSC05911.JPG 6000 4000
4066.86082298802420000000 0 2978.91370054375190000000
0 4066.86082298802420000000 2030.83585703851690000000
0 0 1
0 0 0
0 0
-13.06980523110676800000 -22.01361088328406600000 -37.26119576008697000000
0.56891610168407114000 -0.82239305984105082000 0.00203085446884726300
-0.20983033324980663000 -0.14754351162840040000 -0.96654133042753809000
0.79517652159308305000 0.54945479095339056000 -0.25650288927318382000
DSC05912.JPG 6000 4000
4066.86082298802420000000 0 2978.91370054375190000000
0 4066.86082298802420000000 2030.83585703851690000000
0 0 1
0 0 0
0 0
-13.15580378401211800000 -22.05792611393851700000 -36.63622877475519600000
0.56882848674158160000 -0.82245502731600839000 0.00137139123010433950
-0.21439514073859553000 -0.14988989723715065000 -0.96517757036408292000
0.79402070268914282000 0.54872647717133183000 -0.26159200475584060000
DSC05913.JPG 6000 4000
4066.86082298802420000000 0 2978.91370054375190000000
0 4066.86082298802420000000 2030.83585703851690000000
0 0 1
0 0 0
0 0
-13.31569512016304400000 -22.22727582146264400000 -35.95030722255786800000
0.56884147119353057000 -0.82244091620953741000 0.00321247487093530380
-0.24820822430739625000 -0.17539453618954123000 -0.95269587700431713000
0.78409952049248766000 0.54113556159179965000 -0.30390828541548293000
DSC05914.JPG 6000 4000
4066.86082298802420000000 0 2978.91370054375190000000
0 4066.86082298802420000000 2030.83585703851690000000
0 0 1
0 0 0
0 0
-13.43042085128956500000 -22.35694097065780300000 -35.11073468871560300000
0.56826631676099559000 -0.82283520188206583000 0.00395269257493802320
-0.25813370786471163000 -0.18282934463812961000 -0.94865189590450283000
0.78130684247541793000 0.53806659558356906000 -0.31629725989676277000
DSC05915.JPG 6000 4000
4066.86082298802420000000 0 2978.91370054375190000000
0 4066.86082298802420000000 2030.83585703851690000000
0 0 1
0 0 0
0 0
-13.51430832471578600000 -22.40289762785057100000 -34.54804793266376400000
0.56841892339523026000 -0.82272513243190981000 0.00482534880644139900
-0.25743622372455149000 -0.18342645657099635000 -0.94872615951298145000
0.78142595186021946000 0.53803168261237633000 -0.31606232022284009000
DSC05916.JPG 6000 4000
4066.86082298802420000000 0 2978.91370054375190000000
0 4066.86082298802420000000 2030.83585703851690000000
0 0 1
0 0 0
0 0
-13.60153826924880600000 -22.45737396845283800000 -33.93193122627273800000
0.56822083578160099000 -0.82285399935337400000 0.00603137893158943100
-0.27430258355866100000 -0.19631955162525155000 -0.94139084672770434000
0.77581130079208216000 0.53326347090140891000 -0.33726383761897688000
DSC05917.JPG 6000 4000
4066.86082298802420000000 0 2978.91370054375190000000
0 4066.86082298802420000000 2030.83585703851690000000
0 0 1
0 0 0
0 0
-13.75176935121921100000 -22.51618419179361300000 -33.25291484632037300000
0.56886952171849781000 -0.82240246366590908000 0.00645406972464783890
-0.32046667814830521000 -0.22888580482918311000 -0.91919116430930059000
0.75742232305125390000 0.52083152372330566000 -0.39375874395332694000
DSC05918.JPG 6000 4000
4066.86082298802420000000 0 2978.91370054375190000000
0 4066.86082298802420000000 2030.83585703851690000000
0 0 1
0 0 0
0 0
-13.85697097629974000000 -22.54814549245309500000 -31.93011731585057000000
0.57217421369409494000 -0.82011396472528519000 0.00545472695172156180
-0.38400521642420243000 -0.27377647211111816000 -0.88180861703512037000
0.72467693694676494000 0.50245350847711656000 -0.47157587817496621000
DSC05919.JPG 6000 4000
4066.86082298802420000000 0 2978.91370054375190000000
0 4066.86082298802420000000 2030.83585703851690000000
0 0 1
0 0 0
0 0
-13.88681607132280500000 -22.47424398229832200000 -31.10116526516758000000
0.57260908451555814000 -0.81981789335676603000 0.00417828461556395740
-0.28506575951459445000 -0.20388005279468827000 -0.93657377543085341000
0.76867180843492744000 0.53509956625333699000 -0.35044558081515143000
DSC05920.JPG 6000 4000
4066.86082298802420000000 0 2978.91370054375190000000
0 4066.86082298802420000000 2030.83585703851690000000
0 0 1
0 0 0
0 0
-13.93356663597289800000 -22.40310542239864900000 -30.03688868183657900000
0.57624279061187123000 -0.81726180235451340000 0.00523380168666537450
-0.29107527520443277000 -0.21120975031099515000 -0.93309464982831769000
0.76368804523346234000 0.53616563465576506000 -0.35959279995805510000
DSC05921.JPG 6000 4000
4066.86082298802420000000 0 2978.91370054375190000000
0 4066.86082298802420000000 2030.83585703851690000000
0 0 1
0 0 0
0 0
-13.94209239090466600000 -22.32393039933234700000 -29.54046661220337500000
0.57875954801285290000 -0.81547331353730135000 0.00637655804117555170
-0.31348680628400333000 -0.22969335942577074000 -0.92139404324184748000
0.75283690655401181000 0.53126663319297396000 -0.38857734955345513000
DSC05922.JPG 6000 4000
4066.86082298802420000000 0 2978.91370054375190000000
0 4066.86082298802420000000 2030.83585703851690000000
0 0 1
0 0 0
0 0
-13.92484225871795700000 -22.18984638150182000000 -28.81783652220151400000
0.58129059095112623000 -0.81365193009385306000 0.00847263396106375490
-0.36787599363672990000 -0.27207770516427687000 -0.88917994560062463000
0.72578819374351855000 0.51375505740293070000 -0.45747922227728804000
DSC05923.JPG 6000 4000
4066.86082298802420000000 0 2978.91370054375190000000
0 4066.86082298802420000000 2030.83585703851690000000
0 0 1
0 0 0
0 0
-13.91241784629240500000 -22.04847933398975700000 -28.25946255428095100000
0.58272822959627735000 -0.81260838841814498000 0.00976818837110822980
-0.40413916841550046000 -0.30019790730731133000 -0.86403284023278804000
0.70505272354910875000 0.49954861977667014000 -0.50334067339646593000
DSC05924.JPG 6000 4000
4066.86082298802420000000 0 2978.91370054375190000000
0 4066.86082298802420000000 2030.83585703851690000000
0 0 1
0 0 0
0 0
-13.68597130088704400000 -21.60813410259260800000 -27.45045263691519500000
0.58549326917031319000 -0.81059720358054921000 0.01139321305219739800
-0.43111523647084099000 -0.32323434594017858000 -0.84241273167451347000
0.68654008232509645000 0.48831519651964400000 -0.53871233901687399000
DSC05925.JPG 6000 4000
4066.86082298802420000000 0 2978.91370054375190000000
0 4066.86082298802420000000 2030.83585703851690000000
0 0 1
0 0 0
0 0
-13.60514444724896400000 -21.21286856387796100000 -26.84017514699769100000
0.58709226355352429000 -0.80945641000095780000 0.01014861487892192200
-0.42979208755003606000 -0.32229953170984893000 -0.84344636660489225000
0.68600396176332790000 0.49081904218150862000 -0.53711752184884554000
DSC05926.JPG 6000 4000
4066.86082298802420000000 0 2978.91370054375190000000
0 4066.86082298802420000000 2030.83585703851690000000
0 0 1
0 0 0
0 0
-13.44569000775293200000 -20.83401209688089000000 -26.03826724504415000000
0.58959875515340077000 -0.80764943303758008000 0.00870064570222015520
-0.42819651617165955000 -0.32168876035979160000 -0.84449042919184958000
0.68485111627273687000 0.49418491961234101000 -0.53549996616968165000
DSC05927.JPG 6000 4000
4066.86082298802420000000 0 2978.91370054375190000000
0 4066.86082298802420000000 2030.83585703851690000000
0 0 1
0 0 0
0 0
-13.42221415455611600000 -20.52785608427625200000 -24.26537608982383200000
0.52458125244829068000 -0.85134007055319394000 0.00588165370159523390
-0.45345035914788256000 -0.28524212961833834000 -0.84440493797670979000
0.72055345490007805000 0.44029196195397180000 -0.53567313435553510000
DSC05928.JPG 6000 4000
4066.86082298802420000000 0 2978.91370054375190000000
0 4066.86082298802420000000 2030.83585703851690000000
0 0 1
0 0 0
0 0
-13.19728479732342800000 -20.03369181487371300000 -23.32640806261535700000
0.52446802401554027000 -0.85141309606051940000 0.00538810188057360900
-0.47776038686837707000 -0.29952536033524885000 -0.82585081658579118000
0.70475407379071853000 0.43055812426742124000 -0.56386292403624705000
DSC05929.JPG 6000 4000
4066.86082298802420000000 0 2978.91370054375190000000
0 4066.86082298802420000000 2030.83585703851690000000
0 0 1
0 0 0
0 0
-13.00284210944311300000 -19.61056077775601400000 -22.82866294693671300000
0.52450985607036105000 -0.85138287535864621000 0.00605065542673046110
-0.53915207370595097000 -0.33763782590017766000 -0.77156706768755645000
0.65894191876342334000 0.40143230820082876000 -0.63611921023416107000
DSC05930.JPG 6000 4000
4066.86082298802420000000 0 2978.91370054375190000000
0 4066.86082298802420000000 2030.83585703851690000000
0 0 1
0 0 0
0 0
-12.75925504240034400000 -19.30591946530717700000 -22.22397602038394000000
0.52492260553471670000 -0.85112765712269722000 0.00616193796402617330
-0.60028501732898443000 -0.37533150284885902000 -0.70624652986018810000
0.60341872374743633000 0.36702584956654655000 -0.70793917081976021000
DSC05931.JPG 6000 4000
4066.86082298802420000000 0 2978.91370054375190000000
0 4066.86082298802420000000 2030.83585703851690000000
0 0 1
0 0 0
0 0
-12.64316333697986900000 -19.14951078553806200000 -21.49047603731998300000
0.52328398456447145000 -0.85213791665477456000 0.00590275339061765990
-0.60569166488136794000 -0.37679999238970358000 -0.70082763417858751000
0.59942595755569905000 0.36315662837731560000 -0.71330623484871736000
DSC05932.JPG 6000 4000
4066.86082298802420000000 0 2978.91370054375190000000
0 4066.86082298802420000000 2030.83585703851690000000
0 0 1
0 0 0
0 0
-12.60796651389567000000 -19.13117937079439200000 -20.79626290857863700000
0.52110854104896631000 -0.85346431947933088000 0.00667411578417238630
-0.60708777245857459000 -0.37614963720777284000 -0.69996848997633232000
0.59990859718552447000 0.36070778450727076000 -0.71414254124702059000
DSC05933.JPG 6000 4000
4066.86082298802420000000 0 2978.91370054375190000000
0 4066.86082298802420000000 2030.83585703851690000000
0 0 1
0 0 0
0 0
-12.33027016202634800000 -19.05000346577425700000 -20.13684825297476500000
0.52035250108159159000 -0.85392275482919433000 0.00701451374306994670
-0.60573457676139186000 -0.37487983932578162000 -0.70181958406899236000
0.60192931240622394000 0.36094464236499713000 -0.71232020048161959000
DSC05934.JPG 6000 4000
4066.86082298802420000000 0 2978.91370054375190000000
0 4066.86082298802420000000 2030.83585703851690000000
0 0 1
0 0 0
0 0
-11.70772211255749800000 -18.71807633020186400000 -17.65366839608038800000
0.51904056207360705000 -0.85471820902991080000 0.00732653226403094920
-0.62899021860510806000 -0.38773969533192565000 -0.67381691397812504000
0.57876437331733932000 0.34512999263553912000 -0.73886202254682176000
DSC05935.JPG 6000 4000
4066.86082298802420000000 0 2978.91370054375190000000
0 4066.86082298802420000000 2030.83585703851690000000
0 0 1
0 0 0
0 0
-11.75933001227439000000 -18.73321945800271800000 -16.75307325946916800000
0.52026286021321921000 -0.85397756328486740000 0.00699125802703389530
-0.62835793010574215000 -0.38832855723865500000 -0.67406768451407895000
0.57835358385332714000 0.34629936909989445000 -0.73863649991388014000
DSC05936.JPG 6000 4000
4066.86082298802420000000 0 2978.91370054375190000000
0 4066.86082298802420000000 2030.83585703851690000000
0 0 1
0 0 0
0 0
-11.74423702442197000000 -18.76432926891309100000 -16.00707934497102200000
0.52109865812835809000 -0.85346334380775679000 0.00751726501510391070
-0.62813581464134671000 -0.38945380948386515000 -0.67362536223286373000
0.57784218162200329000 0.34630340895663725000 -0.73903475025423249000
DSC05937.JPG 6000 4000
4066.86082298802420000000 0 2978.91370054375190000000
0 4066.86082298802420000000 2030.83585703851690000000
0 0 1
0 0 0
0 0
-10.93256128069697800000 -18.77170107959908000000 -14.93558322529057000000
0.52504462773220562000 -0.85104597360268286000 0.00699211729099797220
-0.67262999586738559000 -0.41997816089090040000 -0.60925137097436044000
0.52143746274025071000 0.31518105144402075000 -0.79294632684794697000
DSC05938.JPG 6000 4000
4066.86082298802420000000 0 2978.91370054375190000000
0 4066.86082298802420000000 2030.83585703851690000000
0 0 1
0 0 0
0 0
-10.26277518952489000000 -18.60886799569676600000 -14.06904417252163200000
0.52657621264747145000 -0.85010212793144513000 0.00662301745987033380
-0.70043380874834726000 -0.43825631720449815000 -0.56331508056560486000
0.48177792792543800000 0.29198933630661761000 -0.82621562297447049000
DSC05939.JPG 6000 4000
4066.86082298802420000000 0 2978.91370054375190000000
0 4066.86082298802420000000 2030.83585703851690000000
0 0 1
0 0 0
0 0
-9.54546089706630950000 -18.51643519513037700000 -13.41668462519920300000
0.52843674698104748000 -0.84895042643173602000 0.00614637303308446060
-0.71445562097163429000 -0.44860669073873721000 -0.53694059511874803000
0.45859325126098910000 0.27934783064454327000 -0.84359766441833095000
DSC05940.JPG 6000 4000
4066.86082298802420000000 0 2978.91370054375190000000
0 4066.86082298802420000000 2030.83585703851690000000
0 0 1
0 0 0
0 0
-8.61592518307019440000 -18.28540839901093000000 -12.77691887581250400000
0.53104604214869444000 -0.84731398629887222000 0.00700783422476123060
-0.74388602068342480000 -0.47015180090744013000 -0.47496407478384101000
0.40573844943508425000 0.24701476216170853000 -0.87997728261825492000
DSC05941.JPG 6000 4000
4066.86082298802420000000 0 2978.91370054375190000000
0 4066.86082298802420000000 2030.83585703851690000000
0 0 1
0 0 0
0 0
-7.92517549909433950000 -18.11359084020276800000 -12.32390305602906500000
0.53177016300589441000 -0.84685247162699295000 0.00783486030109315470
-0.74381468787682914000 -0.47145224542276198000 -0.47378527877566151000
0.40491999683317687000 0.24611719075491054000 -0.88060554425891002000
DSC05942.JPG 6000 4000
4066.86082298802420000000 0 2978.91370054375190000000
0 4066.86082298802420000000 2030.83585703851690000000
0 0 1
0 0 0
0 0
-6.77123931429030890000 -17.79409386288427800000 -11.57874613557520000000
0.53392752298891255000 -0.84550464609408349000 0.00657978937678059450
-0.79563668834548762000 -0.50503960755403920000 -0.33451047062877926000
0.28615321132838883000 0.17336922516692699000 -0.94236906327164072000
DSC05943.JPG 6000 4000
4066.86082298802420000000 0 2978.91370054375190000000
0 4066.86082298802420000000 2030.83585703851690000000
0 0 1
0 0 0
0 0
-5.75707106580873340000 -17.38556712048961100000 -10.86327553919413800000
0.53323176855186694000 -0.84593767925205632000 0.00730231666619308910
-0.79573896696523994000 -0.50448203440972494000 -0.33510800260649998000
0.28716437359139979000 0.17287949496533808000 -0.94215142241594518000
DSC05944.JPG 6000 4000
4066.86082298802420000000 0 2978.91370054375190000000
0 4066.86082298802420000000 2030.83585703851690000000
0 0 1
0 0 0
0 0
-4.30661260941337610000 -16.71329768848025300000 -9.88117689085339280000
0.53195027487465196000 -0.84674604014541766000 0.00707450060689962350
-0.79157638925932206000 -0.50022347790498589000 -0.35097477419298156000
0.30072533153686354000 0.18110111995980299000 -0.93635818964825024000
DSC05945.JPG 6000 4000
4066.86082298802420000000 0 2978.91370054375190000000
0 4066.86082298802420000000 2030.83585703851690000000
0 0 1
0 0 0
0 0
-3.09997752166303190000 -15.96441331071694100000 -9.13261963357556890000
0.53180301958918053000 -0.84684496791006514000 0.00625689069992003010
-0.78576850317959623000 -0.49617663036633558000 -0.36929204011081229000
0.31583762880114008000 0.19147415440134422000 -0.92929233313826687000
DSC05946.JPG 6000 4000
4066.86082298802420000000 0 2978.91370054375190000000
0 4066.86082298802420000000 2030.83585703851690000000
0 0 1
0 0 0
0 0
-1.95005197547628730000 -15.22536948110627700000 -8.53984668455645490000
0.53199495666494012000 -0.84672214125940393000 0.00655603417917966120
-0.79662303291937242000 -0.50311209135954349000 -0.33506710812935214000
0.28700715932779303000 0.17303132383738032000 -0.94217145545047931000
DSC05947.JPG 6000 4000
4066.86082298802420000000 0 2978.91370054375190000000
0 4066.86082298802420000000 2030.83585703851690000000
0 0 1
0 0 0
0 0
-1.10099295809403790000 -14.41011126987274300000 -8.08513895566537850000
0.53206892992359633000 -0.84667501794620892000 0.00663835791034431390
-0.80673920154805623000 -0.50932145599548706000 -0.29960559932725206000
0.25704963430350153000 0.15405540707298734000 -0.95404005002725767000
DSC05948.JPG 6000 4000
4066.86082298802420000000 0 2978.91370054375190000000
0 4066.86082298802420000000 2030.83585703851690000000
0 0 1
0 0 0
0 0
-0.55378458478022796000 -13.86297406252811500000 -7.63485905980520930000
0.53219942110275043000 -0.84658941435789592000 0.00708093744161309400
-0.81767833780520693000 -0.51615694958810454000 -0.25491986834300862000
0.21946733711878683000 0.12987827720237774000 -0.96693625490459867000
DSC05949.JPG 6000 4000
4066.86082298802420000000 0 2978.91370054375190000000
0 4066.86082298802420000000 2030.83585703851690000000
0 0 1
0 0 0
0 0
-0.15132690880049651000 -13.31082054512999400000 -7.15058781199588540000
0.53041031560713281000 -0.84770689187138581000 0.00761068796471468110
-0.81874812003380060000 -0.51457731436578846000 -0.25467960947278417000
0.21980994754255112000 0.12885345557588676000 -0.96699553977642216000
DSC05950.JPG 6000 4000
4066.86082298802420000000 0 2978.91370054375190000000
0 4066.86082298802420000000 2030.83585703851690000000
0 0 1
0 0 0
0 0
0.17721234858911658000 -12.88108396936869000000 -6.48983958771383570000
0.52875705204194734000 -0.84872236373006515000 0.00929135191240973260
-0.81994701883660071000 -0.51359735774978998000 -0.25279367162451988000
0.21932365630930153000 0.12604802028149911000 -0.96747559678073236000
DSC05951.JPG 6000 4000
4066.86082298802420000000 0 2978.91370054375190000000
0 4066.86082298802420000000 2030.83585703851690000000
0 0 1
0 0 0
0 0
0.33384802138185921000 -12.67048333585683100000 -5.95832218582593940000
0.52881067843005747000 -0.84868331757707505000 0.00979248919897296980
-0.81965262921302395000 -0.51364843839930918000 -0.25364315317809782000
0.22029260950499283000 0.12610276839277054000 -0.96724829180575966000
DSC05952.JPG 6000 4000
4066.86082298802420000000 0 2978.91370054375190000000
0 4066.86082298802420000000 2030.83585703851690000000
0 0 1
0 0 0
0 0
0.09662361433686775200 -12.54611708815167300000 -4.98789967658479140000
0.78258983851338282000 -0.62253763192342515000 -0.00020370265510729176
-0.60213586997839585000 -0.75685969269104347000 -0.25415703740990475000
0.15806814587689061000 0.19902337153910710000 -0.96716294327287411000
DSC05953.JPG 6000 4000
4066.86082298802420000000 0 2978.91370054375190000000
0 4066.86082298802420000000 2030.83585703851690000000
0 0 1
0 0 0
0 0
-0.09432507064576725600 -12.45346259000895200000 -4.63215834274623890000
0.79807163483247356000 -0.60256247451737166000 0.00036052645524615947
-0.58268674421144173000 -0.77189909682251368000 -0.25425959656394026000
0.15348558172054158000 0.20270729791521949000 -0.96713594058737029000
DSC05954.JPG 6000 4000
4066.86082298802420000000 0 2978.91370054375190000000
0 4066.86082298802420000000 2030.83585703851690000000
0 0 1
0 0 0
0 0
-0.37189764555777688000 -12.50818168520471500000 -4.12859913850236020000
0.79805561358902777000 -0.60257259226956028000 0.00367541352539292290
-0.58238643153116976000 -0.77285801338304538000 -0.25202487083223046000
0.15470385252937457000 0.19898935196425618000 -0.96771377783795909000
DSC05955.JPG 6000 4000
4066.86082298802420000000 0 2978.91370054375190000000
0 4066.86082298802420000000 2030.83585703851690000000
0 0 1
0 0 0
0 0
-0.98635643352573665000 -13.03181857685148900000 -3.23946253175799100000
0.79912579741384093000 -0.60115577974729661000 0.00311261692354719910
-0.58169875242185998000 -0.77454741518426107000 -0.24840061002789768000
0.15173833180361723000 0.19669273018543368000 -0.96865238788414476000
DSC05956.JPG 6000 4000
4066.86082298802420000000 0 2978.91370054375190000000
0 4066.86082298802420000000 2030.83585703851690000000
0 0 1
0 0 0
0 0
-1.00349124691179710000 -13.19809378978834700000 -2.36448118325315890000
0.80052272376533395000 -0.59929009782706921000 0.00384023199203829350
-0.57994532528593101000 -0.77626588685829190000 -0.24713294515119830000
0.15108536796899452000 0.19560841379279004000 -0.96897397283886955000
DSC05957.JPG 6000 4000
4066.86082298802420000000 0 2978.91370054375190000000
0 4066.86082298802420000000 2030.83585703851690000000
0 0 1
0 0 0
0 0
-0.94159759036339274000 -13.26693792209004600000 -1.95550207998804000000
0.80021755808564465000 -0.59969539033961416000 0.00415915097896443160
-0.58042734788848505000 -0.77621403880964090000 -0.24616226310701025000
0.15085076584024235000 0.19456928010413960000 -0.96921970764381871000
DSC05958.JPG 6000 4000
4066.86082298802420000000 0 2978.91370054375190000000
0 4066.86082298802420000000 2030.83585703851690000000
0 0 1
0 0 0
0 0
-0.83465321248210422000 -13.26762010835019400000 -1.50735756705510320000
0.79926305420767318000 -0.60095640275830420000 0.00547468377360517570
-0.58158341622702903000 -0.77572884635371320000 -0.24496017411905036000
0.15145725518548248000 0.19260363163381963000 -0.96951768469334454000
DSC05959.JPG 6000 4000
4066.86082298802420000000 0 2978.91370054375190000000
0 4066.86082298802420000000 2030.83585703851690000000
0 0 1
0 0 0
0 0
-0.87627581282459710000 -13.36713730615261200000 -1.11024011147167820000
0.79814388719453555000 -0.60242889795402954000 0.00676448400767011220
-0.58317511271672540000 -0.77535618007183804000 -0.24234186995284604000
0.15123863012415592000 0.18947880339051359000 -0.97016733599099703000
DSC05960.JPG 6000 4000
4066.86082298802420000000 0 2978.91370054375190000000
0 4066.86082298802420000000 2030.83585703851690000000
0 0 1
0 0 0
0 0
-1.10177084444134230000 -13.36067116370163900000 -0.43496599998641022000
0.79923500769098221000 -0.60010533009316280000 0.03312091899346761300
-0.57622484707360377000 -0.78076481918004981000 -0.24160137157256806000
0.17084591916752864000 0.17401117758500517000 -0.96981017832320271000
DSC05961.JPG 6000 4000
4066.86082298802420000000 0 2978.91370054375190000000
0 4066.86082298802420000000 2030.83585703851690000000
0 0 1
0 0 0
0 0
-1.06263138271672200000 -13.16857368937236200000 0.21542399654696087000
0.79773524419345310000 -0.60297469438098805000 0.00632440572431761890
-0.58394839895190032000 -0.77509453439380160000 -0.24131458744627929000
0.15040860192530192000 0.18881202474686248000 -0.97042633505993958000
DSC05962.JPG 6000 4000
4066.86082298802420000000 0 2978.91370054375190000000
0 4066.86082298802420000000 2030.83585703851690000000
0 0 1
0 0 0
0 0
-0.88783899249558729000 -12.93229329599234000000 0.56989791943120582000
0.79760418554300627000 -0.60314391987918026000 0.00670634901080207920
-0.58386863833041736000 -0.77480979873136424000 -0.24241944840306678000
0.15140996129205625000 0.18943913983820734000 -0.97014835768499763000
DSC05963.JPG 6000 4000
4066.86082298802420000000 0 2978.91370054375190000000
0 4066.86082298802420000000 2030.83585703851690000000
0 0 1
0 0 0
0 0
-0.30568651770106831000 -12.29428395173138000000 0.65238720119717952000
0.79722656661402724000 -0.60364634749769586000 0.00639442237429252960
-0.58405404966834773000 -0.77394372270260814000 -0.24472838240635614000
0.15267831722550906000 0.19136927977582857000 -0.96957059062621509000
DSC05964.JPG 6000 4000
4066.86082298802420000000 0 2978.91370054375190000000
0 4066.86082298802420000000 2030.83585703851690000000
0 0 1
0 0 0
0 0
0.50616236701248829000 -11.45214059020118200000 0.80253116039218098000
0.79752986604297271000 -0.60324779733630429000 0.00618124407988537760
-0.58358306082518197000 -0.77404766889169563000 -0.24552192855475027000
0.15289514016930048000 0.19220380145103527000 -0.96937132968763884000
DSC05965.JPG 6000 4000
4066.86082298802420000000 0 2978.91370054375190000000
0 4066.86082298802420000000 2030.83585703851690000000
0 0 1
0 0 0
0 0
1.54047346327911240000 -10.66229044942142000000 1.03789241052102250000
0.79855891833004533000 -0.60189394038046318000 0.00522862207731842470
-0.58257923505450193000 -0.77505907388661244000 -0.24471384690968775000
0.15134427256708291000 0.19237233823839131000 -0.96958124705557014000
DSC05966.JPG 6000 4000
4066.86082298802420000000 0 2978.91370054375190000000
0 4066.86082298802420000000 2030.83585703851690000000
0 0 1
0 0 0
0 0
2.44044408347392580000 -9.91580248803625080000 1.25707439633968530000
0.80004334086092077000 -0.59992581871152661000 0.00443449967874500870
-0.58093595951387511000 -0.77652246472994457000 -0.24398006622145449000
0.14981342959758182000 0.19261846695744547000 -0.96977010806642927000
DSC05967.JPG 6000 4000
4066.86082298802420000000 0 2978.91370054375190000000
0 4066.86082298802420000000 2030.83585703851690000000
0 0 1
0 0 0
0 0
3.36931633290982640000 -8.88201718066903470000 1.50398161787830940000
0.80069118942747808000 -0.59906355933861299000 0.00405845361713417280
-0.57991869895039572000 -0.77676669128310694000 -0.24561720200501946000
0.15029278685582534000 0.19430995647584923000 -0.96935840587135935000
DSC05968.JPG 6000 4000
4066.86082298802420000000 0 2978.91370054375190000000
0 4066.86082298802420000000 2030.83585703851690000000
0 0 1
0 0 0
0 0
4.04193787668767970000 -8.07114532932928520000 1.71443381953926650000
0.80027684234551077000 -0.59961311874770507000 0.00459166975609455640
-0.58024197762919738000 -0.77630913731568962000 -0.24629935184065738000
0.15124887768990716000 0.19444338802289080000 -0.96918292692954666000
DSC05969.JPG 6000 4000
4066.86082298802420000000 0 2978.91370054375190000000
0 4066.86082298802420000000 2030.83585703851690000000
0 0 1
0 0 0
0 0
4.72396652958789520000 -7.38486071840411730000 2.01642396627070890000
0.80232627524335987000 -0.59686167784125665000 0.00535589195524500610
-0.57764702785908306000 -0.77869442191772320000 -0.24486508219791309000
0.15032118699532693000 0.19336787426752908000 -0.96954236933801563000
DSC05970.JPG 6000 4000
4066.86082298802420000000 0 2978.91370054375190000000
0 4066.86082298802420000000 2030.83585703851690000000
0 0 1
0 0 0
0 0
5.74361398830469930000 -6.62132855105549380000 2.91737873964877630000
0.88226559518245418000 -0.46580757152883684000 0.06804943690992316900
-0.43756995264500059000 -0.86477402478720045000 -0.24637049863081920000
0.17360862910466743000 0.18758782572372365000 -0.96678376669276156000
DSC05971.JPG 6000 4000
4066.86082298802420000000 0 2978.91370054375190000000
0 4066.86082298802420000000 2030.83585703851690000000
0 0 1
0 0 0
0 0
6.56856265417543830000 -6.34780594928017020000 3.84863660271608940000
0.87006982152863876000 -0.48782235133853991000 0.07076622923161077200
-0.45883026853224462000 -0.85396065966934476000 -0.24540981320176636000
0.18014796791457593000 0.18105398441248308000 -0.96683305921167861000
DSC05972.JPG 6000 4000
4066.86082298802420000000 0 2978.91370054375190000000
0 4066.86082298802420000000 2030.83585703851690000000
0 0 1
0 0 0
0 0
6.94179957603755330000 -6.38986357843363350000 4.12564393326190970000
0.77864782338991734000 -0.62265243277524895000 0.07753396087656166900
-0.59089855487570242000 -0.76922040609506670000 -0.24318483647782607000
0.21106033491859727000 0.14354063816914270000 -0.96687621762976717000
DSC05973.JPG 6000 4000
4066.86082298802420000000 0 2978.91370054375190000000
0 4066.86082298802420000000 2030.83585703851690000000
0 0 1
0 0 0
0 0
7.25853228595720880000 -6.46635000658963490000 4.20641957301144580000
0.73330932017584727000 -0.67516910654602724000 0.08002573654191598400
-0.64257475808211273000 -0.72669960882383300000 -0.24291018671723616000
0.22216012517765443000 0.12670578558664000000 -0.96674222142198873000
DSC05974.JPG 6000 4000
4066.86082298802420000000 0 2978.91370054375190000000
0 4066.86082298802420000000 2030.83585703851690000000
0 0 1
0 0 0
0 0
7.57511987768346630000 -6.46790241783736520000 4.10497073208202860000
0.71569212755064027000 -0.69387020754490736000 0.07955446966466092600
-0.66136318865756916000 -0.70992022993617210000 -0.24209915286110595000
0.22446271683896812000 0.12065406005999055000 -0.96698453273064788000
DSC05975.JPG 6000 4000
4066.86082298802420000000 0 2978.91370054375190000000
0 4066.86082298802420000000 2030.83585703851690000000
0 0 1
0 0 0
0 0
7.56891361231442070000 -6.50891477801712260000 3.99034990907074640000
0.65489745847680292000 -0.75126306618260230000 0.08193365773928981700
-0.71829237749976227000 -0.65249164485919120000 -0.24147611437714966000
0.23487311320447740000 0.09928977177364278800 -0.96694165383169572000
DSC05976.JPG 6000 4000
4066.86082298802420000000 0 2978.91370054375190000000
0 4066.86082298802420000000 2030.83585703851690000000
0 0 1
0 0 0
0 0
7.34475696878856700000 -6.55343653206383790000 3.85500445533932370000
0.61053464677999825000 -0.78758014243183239000 0.08345636182027940700
-0.75493783837714401000 -0.61058550569465475000 -0.23927849970703119000
0.23940823976561015000 0.08308344890925767300 -0.96735765632452353000
DSC05977.JPG 6000 4000
4066.86082298802420000000 0 2978.91370054375190000000
0 4066.86082298802420000000 2030.83585703851690000000
0 0 1
0 0 0
0 0
6.91457007591140190000 -6.42864695250113980000 3.73890245416627210000
0.53716123664254567000 -0.83891983346784238000 0.08758606546100010400
-0.80610253782309960000 -0.54115148494679333000 -0.23948646904374093000
0.24830727811284400000 0.05803949822464028700 -0.96694100765352931000
DSC05978.JPG 6000 4000
4066.86082298802420000000 0 2978.91370054375190000000
0 4066.86082298802420000000 2030.83585703851690000000
0 0 1
0 0 0
0 0
6.53869034650667840000 -6.39680208226111890000 3.67798823035772800000
0.44478461651495743000 -0.89072299178610725000 0.09369736824078103700
-0.85849298980433542000 -0.45381420310627990000 -0.23883562446968723000
0.25525757847408870000 0.02579187784203433600 -0.96652902060358536000
DSC05979.JPG 6000 4000
4066.86082298802420000000 0 2978.91370054375190000000
0 4066.86082298802420000000 2030.83585703851690000000
0 0 1
0 0 0
0 0
6.22329646381202560000 -6.32407470656793260000 3.62883373711729980000
0.39022972363859637000 -0.91561792893334160000 0.09677071356956569400
-0.88373218734709491000 -0.40196983639890227000 -0.23966157737976890000
0.25833734502712513000 0.00800367673372580360 -0.96602161327947422000
DSC05980.JPG 6000 4000
4066.86082298802420000000 0 2978.91370054375190000000
0 4066.86082298802420000000 2030.83585703851690000000
0 0 1
0 0 0
0 0
6.22469052462157450000 -5.86995316677684990000 3.56507063828660040000
0.21193064120744132000 -0.97165735497977423000 0.10472529699701007000
-0.94150868840279356000 -0.23172565367935205000 -0.24467245674355864000
0.26200533005924581000 -0.04674618637478562800 -0.96393360823241325000
DSC05981.JPG 6000 4000
4066.86082298802420000000 0 2978.91370054375190000000
0 4066.86082298802420000000 2030.83585703851690000000
0 0 1
0 0 0
0 0
6.30891799450199460000 -5.13107966499249370000 3.64317706393561070000
-0.00484073807331237250 -0.99369693608473231000 0.11199538593496050000
-0.96833485696428356000 -0.02329758426319375100 -0.24856553935624265000
0.24960803681545593000 -0.10965227669006489000 -0.96211860296629714000
DSC05982.JPG 6000 4000
4066.86082298802420000000 0 2978.91370054375190000000
0 4066.86082298802420000000 2030.83585703851690000000
0 0 1
0 0 0
0 0
6.49605500825700410000 -4.46560598292166680000 3.65424571287421250000
-0.13182768309280377000 -0.98470864461139618000 0.11388743213353363000
-0.96248677171429231000 0.09966570396733871700 -0.25236077692005643000
0.23715116749740656000 -0.14288328341790629000 -0.96090774326900674000
DSC05983.JPG 6000 4000
4066.86082298802420000000 0 2978.91370054375190000000
0 4066.86082298802420000000 2030.83585703851690000000
0 0 1
0 0 0
0 0
6.76469497861702700000 -3.82221640562913740000 3.69992065886477530000
-0.31340933890634726000 -0.94224680002775485000 0.11809129571540121000
-0.92620642227338423000 0.27586671174056721000 -0.25698097340656195000
0.20956204242615992000 -0.18991715349305019000 -0.95917424130513085000
DSC05984.JPG 6000 4000
4066.86082298802420000000 0 2978.91370054375190000000
0 4066.86082298802420000000 2030.83585703851690000000
0 0 1
0 0 0
0 0
6.88169320281992110000 -3.21266600421640640000 3.80525734831757000000
-0.49697944982699821000 -0.85949224278060588000 0.11951782732972638000
-0.85022321062202855000 0.45474246169152654000 -0.26519763508428973000
0.17358547914276629000 -0.23341460565846056000 -0.95675791258608445000
DSC05985.JPG 6000 4000
4066.86082298802420000000 0 2978.91370054375190000000
0 4066.86082298802420000000 2030.83585703851690000000
0 0 1
0 0 0
0 0
6.91342622945141370000 -2.72084660492377890000 3.79323664762780320000
-0.56825499606729635000 -0.81407851082237437000 0.11984338806034371000
-0.80790746739880326000 0.52435278203253244000 -0.26896037644232107000
0.15611464878674433000 -0.24966044578981395000 -0.95566619603406644000
DSC05986.JPG 6000 4000
4066.86082298802420000000 0 2978.91370054375190000000
0 4066.86082298802420000000 2030.83585703851690000000
0 0 1
0 0 0
0 0
6.96163437189353300000 -2.37113980540495860000 3.69939287300993190000
-0.56892259035630044000 -0.81376137160669171000 0.11882557074583358000
-0.80723407847154549000 0.52496482793765065000 -0.26978708638959631000
0.15716306416099124000 -0.24940801813331653000 -0.95556026066090638000
DSC05987.JPG 6000 4000
4066.86082298802420000000 0 2978.91370054375190000000
0 4066.86082298802420000000 2030.83585703851690000000
0 0 1
0 0 0
0 0
7.03338101740646060000 -1.80543962397249460000 3.55277102765367790000
-0.57162237585818865000 -0.81192346331963217000 0.11844048771131219000
-0.80550072127555483000 0.52779465969826656000 -0.26944644220800479000
0.15625763163058765000 -0.24942551374116631000 -0.95570417266649765000
DSC05988.JPG 6000 4000
4066.86082298802420000000 0 2978.91370054375190000000
0 4066.86082298802420000000 2030.83585703851690000000
0 0 1
0 0 0
0 0
6.91601488497777430000 -1.39410170674070420000 3.39813435712669020000
-0.57225290063828327000 -0.81131912618759960000 0.11953197561013085000
-0.80548686832036587000 0.52869685126899324000 -0.26771354919335244000
0.15400494366909337000 -0.24948129176441630000 -0.95605520885827378000
DSC05989.JPG 6000 4000
4066.86082298802420000000 0 2978.91370054375190000000
0 4066.86082298802420000000 2030.83585703851690000000
0 0 1
0 0 0
0 0
6.73050392402658380000 -1.09551293074131980000 2.81657303499731130000
-0.57111215948406202000 -0.81203632661083414000 0.12011621686447663000
-0.80622109149946997000 0.52735869116660894000 -0.26814242945204414000
0.15439706250720772000 -0.24997962940092511000 -0.95586177451225729000
DSC05990.JPG 6000 4000
4066.86082298802420000000 0 2978.91370054375190000000
0 4066.86082298802420000000 2030.83585703851690000000
0 0 1
0 0 0
0 0
6.45108174234538190000 -0.98030779365808896000 2.22011858024523700000
-0.56910826560706018000 -0.81366591476887640000 0.11858988641975933000
-0.80708793222330866000 0.52518538432922401000 -0.26979507361415900000
0.15724138029548068000 -0.24925507262700372000 -0.95558728386918124000
DSC05991.JPG 6000 4000
4066.86082298802420000000 0 2978.91370054375190000000
0 4066.86082298802420000000 2030.83585703851690000000
0 0 1
0 0 0
0 0
5.95776333300311480000 -0.84699863281978149000 0.19617184088368944000
